Allocations:
1 2
2 20
3 21
4 37
5 38
6 39
7 40
8 41
9 39
10 38
11 61
12 62
13 63
14 63
15 73
17 75
16 74
19 85
18 84
21 89
20 85
23 91
22 90
25 92
24 92
27 92
26 92
29 91
28 91
31 106
30 91
34 112
35 113
32 108
33 109
38 106
39 115
36 114
37 115
42 115
43 117
40 115
41 115
46 117
47 117
44 117
45 117
51 115
50 115
49 115
48 115
55 115
54 115
53 115
52 115
59 137
58 135
57 134
56 115
63 141
62 140
61 139
60 138
68 140
69 140
70 140
71 140
64 142
65 140
66 140
67 140
76 140
77 140
78 140
79 140
72 140
73 140
74 140
75 140
85 152
84 152
87 152
86 152
81 140
80 140
83 152
82 140
93 140
92 140
95 140
94 140
89 152
88 152
91 140
90 152
102 140
103 140
100 140
101 140
98 140
99 140
96 140
97 140
110 140
111 140
108 140
109 140
106 140
107 140
104 140
105 140
119 140
118 140
117 140
116 140
115 140
114 140
113 140
112 140
127 167
126 140
125 140
124 140
123 140
122 140
121 140
120 140
137 191
136 186
139 202
138 198
141 216
140 207
143 224
142 220
129 168
128 168
131 168
130 168
133 168
132 168
135 183
134 168
152 259
153 264
154 268
155 274
156 280
157 284
158 286
159 290
144 226
145 230
146 236
147 241
148 245
149 248
150 251
151 256
171 361
170 357
169 352
168 349
175 388
174 384
173 370
172 365
163 329
162 325
161 320
160 315
167 344
166 341
165 338
164 333
186 435
187 438
184 424
185 429
190 455
191 461
188 445
189 449
178 399
179 402
176 391
177 394
182 413
183 419
180 407
181 410
205 532
204 528
207 542
206 536
201 516
200 511
203 524
202 520
197 496
196 493
199 505
198 499
193 475
192 469
195 486
194 480
220 600
221 603
222 606
223 609
216 582
217 585
218 590
219 595
212 568
213 571
214 576
215 579
208 548
209 554
210 560
211 564
239 657
238 655
237 651
236 647
235 643
234 641
233 638
232 634
231 631
230 628
229 627
228 624
227 621
226 618
225 615
224 612
254 737
255 742
252 729
253 734
250 717
251 720
248 707
249 712
246 695
247 702
244 679
245 690
242 667
243 675
240 661
241 665
275 835
274 828
273 825
272 816
279 849
278 846
277 843
276 838
283 865
282 863
281 855
280 851
287 879
286 876
285 871
284 866
258 755
259 760
256 747
257 750
262 775
263 778
260 765
261 770
266 791
267 795
264 781
265 785
270 804
271 810
268 798
269 801
305 975
304 974
307 989
306 981
309 1004
308 990
311 1012
310 1008
313 1015
312 1014
315 1037
314 1017
317 1046
316 1045
319 1064
318 1060
288 880
289 882
290 883
291 893
292 915
293 917
294 918
295 922
296 929
297 930
298 932
299 933
300 942
301 971
302 972
303 973
343 1181
342 1180
341 1179
340 1177
339 1177
338 1177
337 1177
336 1177
351 1190
350 1189
349 1188
348 1187
347 1185
346 1184
345 1183
344 1182
326 1102
327 1119
324 1090
325 1097
322 1071
323 1073
320 1068
321 1070
334 1177
335 1177
332 1177
333 1177
330 1177
331 1177
328 1121
329 1176
373 1330
372 1330
375 1339
374 1330
369 1327
368 1326
371 1330
370 1330
381 1348
380 1347
383 1348
382 1338
377 1339
376 1339
379 1347
378 1347
356 1264
357 1268
358 1270
359 1271
352 1232
353 1237
354 1247
355 1248
364 1312
365 1316
366 1312
367 1312
360 1273
361 1278
362 1284
363 1303
410 1381
411 1381
408 1381
409 1381
414 1380
415 1381
412 1381
413 1380
402 1380
403 1380
400 1381
401 1381
406 1381
407 1381
404 1380
405 1381
395 1380
394 1380
393 1380
392 1379
399 1381
398 1381
397 1381
396 1381
387 1361
386 1338
385 1348
384 1338
391 1379
390 1379
389 1361
388 1361
440 1571
432 1470
433 1475
434 1478
435 1503
436 1524
437 1525
438 1535
439 1554
425 1436
424 1431
427 1449
426 1444
429 1461
428 1454
431 1468
430 1464
417 1393
416 1381
419 1406
418 1395
421 1419
420 1412
423 1428
422 1423
Assignments:
1 118
2 550
2 1
2 3
2 4
2 5
2 415
2 544
2 6
2 7
2 276
2 8
2 9
2 1365
2 556
2 11
2 697
2 261
2 1350
2 692
2 27
2 28
2 1242
2 169
2 787
2 431
2 538
2 204
2 477
2 1035
2 71
2 744
2 1036
2 79
2 195
2 463
2 83
2 457
2 93
2 451
2 210
2 211
2 757
2 1457
2 238
2 232
2 376
2 731
2 253
2 354
2 1446
2 963
2 1451
2 482
3 118
4 116
5 118
6 60
7 60
8 60
9 148
9 118
10 12
11 13
12 529
12 521
12 426
13 221
13 194
14 15
15 529
15 521
15 426
17 19
16 18
19 221
18 529
18 521
18 426
21 1415
21 1420
20 1424
20 1416
23 246
22 195
22 19
25 31
24 128
24 155
24 156
24 157
24 23
24 158
24 159
24 931
24 175
24 174
24 173
24 921
24 42
24 163
24 43
24 162
24 161
24 160
24 164
24 1388
24 1385
24 1386
24 1387
24 178
24 179
24 176
24 177
24 1274
24 1275
24 180
24 881
24 1018
24 1304
24 64
24 65
24 884
24 66
24 67
24 77
24 78
24 86
24 869
24 870
24 100
24 101
24 1191
24 98
24 99
24 97
24 1192
24 127
24 1313
24 1074
24 126
24 125
24 124
24 123
24 1317
24 122
24 121
27 33
26 32
29 35
28 34
31 227
31 261
30 36
34 237
34 276
35 276
32 537
32 543
33 199
38 275
38 281
38 260
39 1465
39 1462
39 1455
36 1456
36 238
36 276
36 587
37 635
37 586
37 591
37 583
43 246
43 607
40 1424
40 1416
40 1429
41 1415
41 1420
46 118
47 46
44 45
45 639
51 52
50 792
49 414
49 555
49 430
48 49
55 414
55 555
55 430
54 864
54 916
53 55
52 50
59 56
58 56
57 58
56 782
56 59
56 786
63 275
63 281
63 260
62 275
62 281
62 260
61 966
61 964
60 54
60 6
60 261
60 276
60 7
60 8
60 227
60 967
68 71
69 72
70 877
70 927
71 238
71 199
64 246
65 246
65 607
66 246
67 246
76 1456
76 237
76 70
76 71
77 246
77 607
78 246
78 607
79 1497
72 537
72 543
72 549
73 1424
73 1416
74 1415
74 1420
75 1465
75 1462
75 1455
85 275
85 281
85 260
84 1465
84 1455
87 88
81 864
81 916
80 82
83 227
83 81
82 1456
82 227
82 83
82 276
82 261
93 739
93 199
93 744
93 227
93 261
92 462
92 501
92 436
92 450
92 404
92 456
92 507
92 439
95 94
94 403
94 408
89 1445
89 1279
88 440
88 762
88 533
88 96
88 506
88 500
88 543
88 95
91 275
91 281
91 260
90 738
90 751
90 743
90 767
90 748
102 104
103 105
98 246
98 607
99 246
99 607
96 94
110 136
110 111
111 110
111 659
108 107
108 1424
109 1415
109 1420
106 1445
106 1279
106 1450
107 1416
104 1456
104 17
104 744
105 440
105 533
105 762
105 16
105 529
105 513
105 506
105 500
105 10
105 537
105 120
119 403
118 744
118 451
118 193
118 227
118 276
118 261
117 462
117 501
117 436
117 450
117 404
117 456
117 507
117 439
116 1456
116 744
116 276
116 645
116 662
116 193
116 639
116 227
116 464
115 275
115 281
115 260
114 738
114 751
114 743
114 767
114 756
114 748
113 1465
113 1455
112 1465
112 1455
127 246
127 607
126 246
126 607
125 246
125 607
124 246
124 607
122 246
121 246
120 119
137 1465
137 1455
136 110
136 659
139 1465
139 1455
138 1465
138 1455
141 738
141 751
141 743
141 767
141 756
141 748
140 275
140 281
140 260
140 265
143 144
142 1445
142 1279
142 1450
129 131
128 246
128 607
131 1456
131 237
131 744
131 464
131 44
131 276
130 132
133 1416
132 440
132 533
132 762
132 16
132 154
132 529
132 506
132 500
132 10
132 537
132 14
135 1415
135 1420
134 133
134 1424
152 462
152 501
152 436
152 450
152 404
152 456
152 507
152 439
153 403
154 153
155 246
156 246
157 246
157 24
157 607
158 246
158 607
159 246
159 607
144 1456
144 237
144 744
144 143
144 645
144 131
144 227
144 464
144 44
144 221
144 261
144 145
144 146
144 662
144 639
145 144
147 148
148 17
148 744
148 261
148 147
148 451
148 227
148 149
148 150
148 151
149 148
171 170
170 403
170 408
169 739
169 199
168 462
168 501
168 436
168 450
168 404
168 456
168 507
168 439
175 246
175 607
174 246
174 607
173 246
173 607
172 170
163 246
163 607
162 246
162 607
161 246
161 607
160 246
160 607
167 738
167 751
167 743
167 767
167 748
166 440
166 762
166 171
166 533
166 506
166 172
166 500
166 543
165 166
164 246
164 607
186 24
186 252
187 189
184 185
191 24
191 252
188 190
189 181
178 246
178 607
176 246
176 607
177 246
177 607
183 24
183 252
181 182
181 184
204 206
207 24
207 252
200 1570
200 1529
200 1567
200 1577
203 205
202 24
202 252
199 201
198 24
198 252
195 197
194 196
220 24
220 252
221 223
222 144
222 1540
222 970
222 976
222 13
222 22
216 24
216 252
217 219
218 991
218 1249
218 1047
218 1383
212 1559
209 213
210 214
211 215
238 240
237 239
236 24
236 252
233 1251
233 993
233 1049
232 235
231 234
230 24
230 252
228 1338
228 1056
228 1258
228 1360
228 1497
228 970
228 118
228 1000
228 82
228 144
228 93
228 1382
228 1559
228 1383
228 148
228 31
228 60
227 229
226 24
226 252
225 1495
225 118
225 93
225 1502
225 1483
225 148
225 47
225 1482
224 24
224 252
254 313
252 254
253 255
250 313
251 24
251 252
248 24
248 252
249 250
246 247
244 181
245 24
245 252
243 244
241 24
241 252
275 278
274 24
274 252
277 1017
277 38
277 140
277 1361
277 85
277 115
277 975
277 1381
277 1348
277 1073
277 63
277 91
277 1273
276 279
282 1374
282 1338
282 1578
282 36
282 976
282 1500
282 131
282 1056
282 1362
282 1258
282 1360
282 1497
282 1000
282 118
282 116
282 82
282 93
282 1382
282 1559
282 1383
282 1376
282 148
282 1555
282 60
281 283
280 24
280 252
287 289
286 24
286 252
285 1481
284 24
284 252
258 339
259 24
259 252
256 24
256 252
257 258
262 339
260 262
261 263
266 1381
266 140
264 24
264 252
265 267
270 273
271 1316
268 24
268 252
269 272
313 314
315 24
315 252
314 243
317 319
316 318
288 1115
290 24
290 252
342 343
341 24
341 252
340 181
339 340
338 24
338 252
350 351
349 24
349 252
346 348
345 347
344 24
344 252
326 328
327 1579
325 24
325 252
322 324
323 181
320 24
320 252
321 323
334 336
335 337
333 24
333 252
330 332
331 1341
329 24
329 252
373 380
372 379
375 382
374 381
371 378
370 24
370 252
377 1515
376 383
357 24
357 252
358 360
359 1510
359 1504
359 1507
359 1312
359 1516
359 1518
359 1512
359 1514
352 24
352 252
353 355
354 356
355 249
365 24
365 252
366 368
367 369
361 24
361 252
362 364
363 1506
410 24
410 252
411 412
408 409
414 417
415 418
413 24
413 252
402 24
402 252
403 405
400 401
407 24
407 252
404 406
395 397
394 24
394 252
392 393
399 24
399 252
396 398
386 1058
386 1117
386 1410
386 1260
386 1002
385 387
384 24
384 252
391 24
391 252
389 390
388 24
388 252
440 443
441 444
442 181
445 24
445 252
446 448
447 926
447 1055
447 1114
447 875
447 1553
447 1301
447 999
447 1257
432 51
432 57
435 24
435 252
436 437
437 181
438 24
438 252
439 442
424 24
424 252
427 1541
427 1550
427 1544
427 1536
427 1538
427 1547
426 428
429 24
429 252
431 434
430 433
416 51
416 57
416 1296
416 1174
419 24
419 252
421 423
420 422
476 478
477 479
475 24
475 252
472 474
471 473
469 24
469 252
464 468
463 467
462 466
461 24
461 252
457 460
456 459
455 24
455 252
451 454
450 453
449 24
449 252
508 1557
508 1490
508 1499
508 1563
511 24
511 252
505 24
505 252
506 509
507 510
500 503
501 504
502 1557
502 1490
502 1499
502 1563
496 24
496 252
497 498
499 24
499 252
493 24
493 252
494 495
489 492
488 491
490 181
487 490
486 24
486 252
481 484
480 24
480 252
483 1258
483 1302
483 1555
483 1115
482 485
550 553
551 1534
551 1526
551 1522
548 24
548 252
549 552
544 547
545 1566
545 1528
545 1576
545 1568
556 559
557 51
557 57
554 24
554 252
555 558
566 1548
566 1551
566 1545
566 1539
565 567
564 24
564 252
562 1537
562 1542
561 563
560 24
560 252
573 575
572 574
571 24
571 252
570 181
569 570
568 24
568 252
516 24
516 252
517 519
518 1513
518 1519
518 1511
513 515
514 118
514 116
524 24
524 252
525 527
526 1517
520 24
520 252
521 523
522 1541
522 1550
522 1544
522 1536
522 1538
522 1547
533 535
532 24
532 252
534 93
534 169
534 1500
534 1492
529 531
528 24
528 252
530 1532
530 1549
530 1543
530 18
530 12
530 1520
530 1546
530 15
543 546
542 24
542 252
537 540
536 24
536 252
539 1533
539 1527
539 1521
539 1569
538 541
610 611
609 24
609 252
614 181
615 24
615 252
612 24
612 252
613 614
618 24
618 252
619 620
616 617
617 632
622 623
623 181
620 181
621 24
621 252
627 24
627 252
625 626
624 24
624 252
631 24
631 252
629 630
628 24
628 252
635 637
634 24
634 252
633 181
632 633
639 640
638 24
638 252
636 1559
576 24
576 252
577 578
579 24
579 252
580 581
582 24
582 252
583 584
584 616
585 24
585 252
586 588
587 589
590 24
590 252
591 593
592 594
595 24
595 252
597 599
596 598
601 604
601 602
600 24
600 252
603 24
603 252
602 181
604 605
607 608
606 24
606 252
687 686
686 488
683 487
682 685
681 684
680 683
679 24
679 252
677 1509
677 1505
676 678
675 24
675 252
673 181
672 674
702 24
702 252
703 705
698 701
696 699
697 700
695 24
695 252
692 694
690 24
690 252
691 693
688 489
689 688
653 60
652 654
655 24
655 252
649 650
651 24
651 252
645 646
647 24
647 252
641 24
641 252
643 24
643 252
642 1494
642 1564
642 927
642 1000
642 1559
642 1056
642 1558
642 877
671 673
665 24
665 252
666 1089
667 24
667 252
661 24
661 252
662 664
663 1479
663 111
663 136
656 1561
656 1560
657 24
657 252
659 660
747 24
747 252
744 746
751 753
750 24
750 252
748 749
739 741
738 740
737 24
737 252
736 181
743 745
742 24
742 252
740 181
762 764
763 1556
763 1498
763 1562
763 1489
760 24
760 252
766 768
767 769
765 24
765 252
755 24
755 252
752 754
756 758
757 759
713 715
712 24
712 252
714 716
717 24
717 252
718 719
704 706
707 24
707 252
709 711
708 710
728 727
729 24
729 252
730 732
731 733
734 24
734 252
735 736
720 24
720 252
721 723
722 724
723 680
725 681
726 725
727 682
821 823
820 1407
823 181
822 824
816 24
816 252
818 1120
829 832
828 24
828 252
831 834
830 833
825 24
825 252
827 601
826 827
804 24
804 252
805 808
806 809
801 24
801 252
802 803
803 181
813 815
814 1480
810 24
810 252
791 24
791 252
788 1572
787 790
786 789
785 24
785 252
799 800
798 24
798 252
796 797
795 24
795 252
793 1552
793 1530
792 794
775 24
775 252
772 774
773 181
770 24
770 252
771 773
782 784
781 24
781 252
778 24
778 252
779 780
776 777
881 246
881 607
880 895
880 806
883 698
883 856
882 1229
882 676
882 671
885 887
887 181
886 888
889 891
891 802
890 892
893 721
892 722
895 898
894 897
864 1456
864 102
864 25
864 1355
864 80
865 964
866 1328
866 1352
867 1353
867 30
868 1354
868 29
869 246
869 607
870 246
870 607
871 421
871 885
872 874
873 875
874 411
874 408
874 358
874 392
874 857
874 400
874 366
874 890
874 362
875 476
875 367
876 597
876 613
877 68
877 102
878 103
878 69
878 48
878 672
879 889
879 805
879 894
851 24
851 252
850 1565
850 1501
850 1493
849 24
849 252
855 24
855 252
853 1574
853 1531
853 1523
852 854
858 181
857 859
856 858
863 1465
863 1455
862 103
862 87
862 26
862 53
861 420
861 886
860 861
835 24
835 252
832 836
838 24
838 252
839 841
836 837
837 181
843 24
843 252
840 842
846 24
846 252
847 848
844 845
956 951
957 960
958 961
959 956
952 957
953 955
954 958
955 954
949 952
950 953
944 947
945 948
946 938
947 939
941 722
940 802
943 946
942 721
936 181
939 941
938 940
933 698
933 908
932 1229
932 676
932 671
935 937
934 936
929 949
929 805
929 943
928 69
928 130
928 48
928 672
931 246
931 607
930 950
930 806
926 476
926 367
927 68
927 129
924 926
925 411
925 909
925 358
925 408
925 392
925 400
925 366
925 944
922 421
922 934
923 925
920 1354
920 29
921 246
921 607
918 1328
918 1352
919 1353
919 30
916 1456
916 129
916 25
916 1355
916 80
917 964
914 130
914 26
914 53
914 165
915 1465
915 1455
912 913
913 420
913 935
910 181
909 911
908 910
907 860
904 901
903 906
902 905
901 896
900 899
899 903
898 900
897 902
1017 275
1017 281
1017 260
1019 1021
1020 1022
1021 181
1023 1025
1008 472
1008 1019
1009 985
1010 708
1010 703
1011 1010
1012 829
1012 704
1013 831
1014 709
1014 1023
1015 714
1015 1027
1001 471
1000 227
1000 276
1000 261
1003 1001
1002 1003
1002 1011
1002 1007
1002 1006
1005 713
1004 472
1004 977
1007 1001
1006 1005
992 987
997 999
996 998
999 476
999 367
998 986
998 517
998 411
998 358
998 392
998 1020
998 1024
998 978
998 385
998 400
998 366
998 1028
998 389
986 988
987 1009
984 982
985 1009
990 1415
990 1420
991 231
991 217
988 529
989 1424
989 1416
978 980
979 181
976 221
976 276
976 968
977 979
982 985
983 984
981 1440
971 326
971 321
970 1456
970 322
970 227
970 221
970 261
968 60
975 275
975 281
975 260
974 1465
974 1455
973 1098
972 1087
972 1091
962 912
967 970
966 969
965 181
964 965
1100 181
1102 24
1102 252
1103 1105
1096 181
1097 24
1097 252
1098 1100
1099 1101
1092 970
1094 1092
1095 1096
1088 1095
1090 257
1091 1093
1117 1118
1117 1134
1117 1135
1117 1132
1117 1133
1117 1130
1117 1131
1117 1128
1117 1129
1117 1126
1117 1127
1117 1124
1117 1125
1117 1123
1117 1151
1117 1150
1117 1149
1117 1148
1117 1146
1117 1145
1117 1144
1117 1143
1117 1142
1117 1141
1117 1140
1117 1139
1117 1138
1117 1137
1117 1136
1117 1153
1117 1152
1117 1155
1117 1154
1117 1157
1117 1156
1117 1159
1117 1158
1117 1161
1117 1160
1117 1163
1117 1162
1117 1165
1117 1164
1117 1167
1117 1166
1117 1168
1117 1169
1117 1170
1117 1171
1117 1172
1117 1178
1117 1186
1116 844
1119 373
1118 1116
1113 411
1113 822
1113 1222
1113 414
1113 371
1113 1218
1113 1194
1113 1198
1113 1226
1113 1202
1113 358
1113 772
1113 392
1113 1206
1113 1210
1113 1108
1113 813
1113 385
1113 366
1113 1214
1113 389
1112 1114
1115 662
1114 481
1114 367
1109 181
1108 1110
1111 1113
1105 411
1105 389
1105 366
1105 392
1104 1106
1107 1109
1106 367
1134 1122
1135 1122
1132 1122
1133 1122
1130 1122
1131 1122
1128 1122
1129 1122
1126 1122
1127 1122
1124 1122
1125 1122
1122 471
1122 718
1123 1122
1120 372
1151 1122
1150 1122
1149 1122
1148 1147
1147 471
1146 1122
1145 1122
1144 1122
1143 1122
1142 1122
1141 1122
1140 1122
1139 1122
1138 1122
1137 1122
1136 1122
1032 1034
1033 181
1037 1440
1038 1041
1039 1040
1024 1026
1025 181
1027 1029
1028 1030
1029 181
1031 1033
1048 1043
1053 1055
1052 1054
1055 476
1055 367
1054 1032
1054 517
1054 411
1054 358
1054 1080
1054 392
1054 1084
1054 385
1054 400
1054 366
1054 1042
1054 389
1054 1076
1041 1065
1040 1038
1043 1065
1042 1044
1045 1424
1045 1416
1044 529
1047 231
1047 217
1046 1415
1046 1420
1066 708
1066 703
1067 1066
1064 1075
1064 472
1065 1041
1070 1079
1070 709
1071 1083
1071 714
1068 829
1068 704
1069 831
1058 1067
1058 1059
1058 1062
1058 1063
1059 1057
1056 227
1056 276
1056 261
1057 471
1062 1061
1063 1057
1060 472
1060 1031
1061 713
1083 1085
1081 181
1080 1082
1087 1088
1085 181
1084 1086
1075 1077
1073 275
1073 281
1073 260
1079 1081
1077 181
1076 1078
1221 1223
1223 181
1222 1224
1217 1219
1219 181
1218 1220
1229 1231
1230 1509
1230 1505
1225 1227
1227 181
1226 1228
1237 1440
1238 1241
1239 1240
1232 353
1232 24
1233 1235
1234 1236
1235 181
1244 1246
1245 1265
1246 529
1247 1424
1247 1416
1240 1238
1241 1265
1255 1257
1254 1256
1250 1245
1249 231
1249 217
1248 1415
1248 1420
1263 1262
1262 471
1261 1259
1260 1263
1260 1267
1260 1261
1259 713
1258 227
1258 276
1258 261
1257 481
1257 367
1256 1290
1256 411
1256 358
1256 392
1256 1234
1256 1244
1256 366
1256 385
1256 830
1256 1286
1256 389
1270 709
1270 1285
1271 714
1271 1289
1268 829
1268 704
1269 831
1266 708
1266 703
1267 1266
1264 1233
1264 472
1265 1241
1278 24
1278 252
1279 1282
1276 1277
1277 735
1273 275
1273 281
1273 260
1153 1122
1152 1122
1155 1122
1154 1147
1157 1122
1156 1122
1159 1122
1158 1122
1161 1122
1160 1147
1163 1122
1162 1122
1165 1122
1164 1122
1167 1122
1166 1147
1168 1122
1169 1122
1170 1122
1171 1122
1172 1147
1174 1175
1175 1173
1176 771
1177 826
1178 1147
1179 472
1179 1193
1180 1197
1180 472
1181 472
1181 1201
1182 472
1182 1205
1183 472
1183 1209
1187 1221
1187 472
1186 1147
1185 1217
1185 472
1184 472
1184 1213
1190 821
1189 1107
1189 472
1188 1225
1188 472
1195 181
1194 1196
1193 1195
1199 181
1198 1200
1197 1199
1202 1204
1203 181
1201 1203
1206 1208
1207 181
1205 1207
1210 1212
1211 181
1209 1211
1214 1216
1215 181
1213 1215
1375 1333
1375 227
1375 276
1374 1376
1374 1332
1374 276
1373 1363
1373 1331
1373 1349
1372 1362
1371 1376
1370 1375
1369 1374
1368 1373
1367 639
1365 1382
1365 1383
1364 1367
1363 1366
1362 1370
1362 1356
1361 275
1361 281
1361 260
1360 1371
1360 227
1360 261
1360 276
1358 276
1359 276
1356 864
1356 916
1357 1368
1354 1359
1355 1360
1352 1357
1353 1358
1350 1383
1348 275
1348 281
1348 260
1349 1351
1346 1345
1347 335
1347 188
1347 1472
1344 1343
1405 367
1404 1397
1404 525
1404 385
1404 366
1404 1398
1404 389
1403 1405
1402 1404
1397 1400
1396 1399
1399 836
1398 1401
1393 24
1393 252
1395 24
1395 252
1394 1377
1388 246
1388 607
1390 1392
1391 1378
1380 1465
1380 1455
1381 275
1381 281
1381 257
1381 265
1381 260
1382 1375
1382 1456
1382 649
1382 203
1382 261
1382 276
1382 1376
1382 639
1383 1456
1383 1375
1383 1374
1383 237
1383 1372
1383 217
1383 261
1383 276
1383 1364
1383 208
1383 1376
1383 639
1383 227
1383 194
1376 1456
1376 649
1376 276
1376 1433
1376 639
1376 227
1376 1334
1377 1390
1379 1432
1307 622
1306 1308
1305 1307
1311 440
1311 395
1311 358
1311 408
1310 625
1309 1310
1299 1301
1298 1300
1297 1295
1296 1297
1303 1309
1303 629
1303 1305
1302 550
1301 481
1301 367
1300 1306
1300 517
1300 411
1300 358
1300 392
1300 1293
1300 366
1300 389
1290 1292
1291 181
1289 1291
1294 414
1295 792
1293 1294
1280 1283
1281 144
1281 1575
1281 116
1281 1497
1286 1288
1287 181
1284 24
1284 252
1285 1287
1337 322
1336 322
1339 330
1339 321
1338 187
1338 227
1338 322
1338 276
1338 261
1341 1346
1341 1344
1341 1342
1342 1340
1329 181
1328 1329
1331 1335
1333 1337
1332 1336
1334 1338
1320 181
1322 1324
1323 1325
1324 411
1324 366
1324 392
1324 389
1324 1319
1325 367
1326 569
1326 572
1327 1318
1327 573
1312 462
1312 446
1312 439
1312 396
1313 270
1314 316
1315 1314
1316 281
1316 260
1316 269
1317 24
1318 1320
1319 1321
1494 464
1495 544
1492 739
1492 744
1492 11
1493 852
1493 1476
1490 752
1491 17
1491 744
1488 464
1488 44
1488 276
1489 766
1502 464
1503 1439
1500 739
1500 192
1500 744
1500 11
1501 847
1501 852
1498 766
1499 752
1496 639
1496 464
1496 276
1497 744
1497 639
1497 227
1497 464
1497 261
1497 276
1479 659
1478 24
1478 252
1476 1477
1475 24
1475 252
1472 1474
1487 639
1487 464
1487 44
1487 276
1486 639
1486 464
1486 44
1486 276
1485 639
1485 464
1485 44
1485 276
1484 639
1484 464
1484 44
1484 276
1483 645
1483 639
1483 227
1483 464
1483 44
1482 645
1482 639
1482 227
1482 464
1482 44
1481 287
1524 441
1525 441
1526 350
1527 1425
1520 549
1521 1425
1522 350
1523 1280
1532 549
1533 1425
1534 350
1535 441
1528 610
1528 342
1528 345
1529 346
1530 799
1530 796
1531 1280
1509 730
1509 494
1509 497
1509 691
1509 696
1508 596
1511 830
1510 446
1505 730
1505 494
1505 497
1505 691
1505 696
1504 446
1507 446
1516 446
1519 549
1518 446
1513 830
1512 446
1514 446
1426 619
1424 1426
1425 1427
1431 24
1431 252
1428 24
1428 252
1429 1430
1434 619
1432 1434
1433 1435
1439 1442
1436 24
1436 252
1411 1409
1410 1411
1409 839
1415 1417
1414 586
1413 587
1412 1396
1412 840
1419 24
1419 252
1417 619
1416 1418
1423 24
1423 252
1421 116
1421 991
1421 1249
1421 76
1421 144
1421 1540
1421 1559
1421 1047
1420 1422
1456 1459
1457 1460
1458 181
1461 24
1461 252
1462 1463
1464 24
1464 252
1465 1467
1466 1492
1466 1491
1466 1488
1466 76
1466 131
1466 1500
1466 1496
1466 1497
1466 864
1466 82
1466 144
1466 1487
1466 1486
1466 1485
1466 1484
1466 148
1466 36
1466 916
1466 976
1466 104
1466 970
1466 116
1466 1382
1466 1559
1466 1383
1466 1376
1468 24
1468 252
1469 1573
1470 24
1470 252
1471 1473
1441 983
1441 1239
1441 1039
1440 1443
1445 1447
1444 24
1444 252
1447 1276
1446 1448
1449 24
1449 252
1451 1453
1450 1452
1455 1458
1454 24
1454 252
1582 334
1582 1471
1580 334
1580 1471
1581 334
1581 1471
1578 1369
1579 1099
1576 610
1576 342
1576 345
1577 346
1574 1280
1575 276
1572 779
1572 776
1570 346
1571 210
1568 610
1568 342
1568 345
1569 1425
1548 1425
1549 521
1549 426
1550 565
1551 1425
1544 565
1545 1425
1546 521
1546 426
1547 565
1540 221
1540 194
1541 561
1542 580
1542 577
1543 521
1543 426
1536 561
1537 580
1537 577
1538 565
1539 1425
1565 847
1565 852
1564 464
1564 544
1567 346
1566 610
1566 342
1566 345
1561 652
1560 652
1563 752
1562 766
1557 752
1556 766
1559 1456
1559 592
1559 237
1559 544
1559 261
1559 199
1559 587
1559 227
1559 209
1558 464
1558 544
1553 481
1552 799
1552 796
1555 317
1555 464
1554 441
Loads:
861 1 862
861 2 868
861 2 867
861 3 868
861 3 867
861 4 864
874 1 878
874 4 877
905 5 907
913 6 914
913 7 919
913 7 920
913 8 916
913 9 919
913 9 920
925 6 928
925 8 927
960 10 962
969 11 970
988 12 991
988 13 994
995 14 991
988 15 992
988 16 993
988 16 995
994 14 991
992 14 995
992 14 994
998 17 1010
998 18 1016
998 18 1013
998 19 1005
1013 14 1000
998 13 1013
1009 14 1016
1016 14 1000
1044 20 1050
1044 21 1049
1044 21 1051
1044 22 1048
1044 23 1047
1048 14 1051
1048 14 1050
1050 14 1047
1051 14 1047
1054 24 1066
1054 25 1061
1054 20 1069
1054 26 1072
1054 26 1069
1065 14 1072
1072 14 1056
1069 14 1056
1113 27 1115
1113 28 1116
1093 29 1094
1113 30 1122
1113 31 1122
1113 32 1122
1113 33 1122
1113 34 1122
1113 35 1122
1113 36 1122
1113 37 1122
1113 38 1122
1113 39 1122
1113 40 1122
1113 41 1122
1113 42 1122
1246 43 1249
1246 44 1250
1246 45 1251
1246 45 1253
1246 46 1252
1256 47 1272
1269 14 1258
1272 14 1258
1265 14 1272
1265 14 1269
1256 46 1269
1256 48 1272
1256 49 1272
1250 14 1253
1250 14 1252
1252 14 1249
1253 14 1249
1256 50 1272
1256 50 1269
1256 51 1266
1256 52 1259
1310 53 1311
1300 54 1302
1357 55 1360
1357 56 1360
1373 57 1377
1357 58 1360
1357 59 1360
1357 60 1360
1357 61 1360
1357 62 1360
1335 63 1338
1335 64 1338
1335 65 1338
1373 66 1383
1373 67 1383
1373 68 1384
1384 14 1382
1384 14 1383
1373 69 1376
1373 70 1376
1373 70 1382
1373 71 1382
1373 72 1383
1373 73 1378
1373 63 1376
1373 74 1378
1373 65 1376
1373 75 1377
1373 76 1377
1373 77 1378
1373 64 1376
1373 78 1383
1373 79 1383
1373 80 1383
1373 81 1382
1373 81 1383
1373 82 1382
1373 82 1383
1373 83 1383
1373 84 1383
1373 85 1383
1373 86 1383
1373 87 1383
1373 88 1383
1373 89 1383
1373 90 1384
1373 91 1384
1373 91 1389
1373 92 1384
1373 92 1389
1373 93 1382
1373 93 1383
1404 94 1413
1404 95 1414
1404 96 1408
1373 97 1383
1389 14 1382
1389 14 1383
1373 98 1383
1373 99 1384
1373 99 1389
Stores:
1220 1219 100
2 874 4
2 1335 63
2 1335 64
2 1335 65
2 1373 66
2 1384 14
2 1119 14
2 925 8
2 965 101
2 965 102
2 965 103
2 965 104
2 1373 83
2 1373 84
2 1373 85
2 1373 86
2 1373 87
2 1373 88
2 1373 89
2 1373 93
2 1329 105
2 1329 61
2 1329 62
2 1329 106
2 1329 58
2 1406 14
2 1329 56
2 1329 55
2 1389 14
2 1329 60
2 1329 59
2 1329 107
1216 1215 108
1228 1227 109
1224 1223 110
1089 1088 111
1090 1088 112
1360 1357 72
1236 1235 113
941 940 10
1116 1113 28
942 940 114
937 936 115
1115 1113 116
1115 1113 117
1115 1113 27
1110 1109 118
927 925 119
925 925 6
1401 1399 120
1251 1246 45
1400 1399 121
1249 1246 122
1249 1252 14
1249 1253 14
1249 1246 43
916 913 8
916 913 9
916 913 7
1259 1256 52
1122 1113 123
1122 1113 42
1122 1113 124
1122 1113 30
1122 1113 31
1122 1113 32
1122 1113 33
1122 1113 34
1122 1113 125
1122 1113 126
1122 1113 127
1122 1113 128
1122 1113 35
1122 1113 36
1122 1113 129
1122 1113 130
1122 1113 131
1122 1113 132
1122 1113 133
1122 1113 37
1122 1113 134
1122 1113 135
1122 1113 136
1122 1113 137
1122 1113 38
1122 1113 138
1122 1113 139
1122 1113 140
1122 1113 141
1122 1113 39
1122 1113 142
1122 1113 143
1122 1113 144
1122 1113 40
1122 1113 145
1122 1113 146
1122 1113 147
1122 1113 148
1122 1113 149
1122 1113 150
1122 1113 151
1122 1113 41
1122 1113 152
1122 1113 153
1258 1269 14
1258 1272 14
1258 1256 154
1121 1113 155
911 910 156
1266 1256 51
1147 1113 157
1147 1113 158
1147 1113 159
1147 1113 160
1147 1113 161
1382 1373 66
1383 1373 78
1383 1373 79
1383 1373 80
1383 1373 81
1383 1373 82
1383 1373 83
1383 1373 84
1383 1373 85
1383 1373 86
1383 1373 87
1383 1373 88
1383 1373 89
1383 1373 93
1383 1373 67
1383 1384 14
1383 1373 69
1383 1373 70
1383 1373 71
1383 1373 162
1383 1373 97
1383 1389 14
1383 1373 98
1383 1373 163
1377 1373 75
1377 1373 76
1377 1373 57
1378 1373 73
1378 1373 74
1378 1373 77
1034 1033 164
1022 1021 165
1308 1307 53
888 887 166
1010 998 17
1026 1025 167
893 891 168
1302 1300 54
892 891 5
1030 1029 169
864 861 3
864 861 4
864 861 2
1049 1044 21
1000 1013 14
1000 998 170
1000 1016 14
1288 1287 171
1408 1404 96
1005 998 19
1173 1113 172
1413 1404 94
1292 1291 173
1054 1054 174
993 988 16
1176 1113 175
1177 1113 176
1177 1113 177
1177 1113 178
1177 1113 179
1177 1113 180
1177 1113 181
1177 1113 182
1177 1113 183
1177 1113 184
1177 1113 185
1177 1113 186
874 874 1
877 874 187
1047 1044 188
1047 1050 14
1047 1051 14
1047 1044 23
998 998 189
1066 1054 24
1338 1335 63
1338 1335 64
1338 1335 65
991 988 190
991 995 14
991 994 14
991 988 12
1190 1113 191
859 858 192
1056 1072 14
1056 1054 193
1056 1069 14
1330 1329 91
1330 1329 99
1330 1329 68
1330 1329 90
1330 1329 92
980 979 194
1196 1195 195
1061 1054 25
1321 1320 196
970 969 11
1082 1081 197
1200 1199 198
1086 1085 199
1204 1203 200
1208 1207 201
1078 1077 202
1212 1211 203
