503
0
3,2,6,1102
0
3,2,7,870
0
3,2,8,774
0
3,2,9,2532
0
3,2,4,239
0
3,2,5,4
0
3,0,0,0
179968000
3,2,6,1096
0
3,2,7,866
0
3,2,8,770
0
3,2,9,2521
0
3,2,4,239
0
3,2,5,4
0
3,0,0,0
179522000
3,2,6,1102
0
3,2,7,871
0
3,2,8,773
0
3,2,9,2534
0
3,2,4,239
0
3,2,5,4
0
3,0,0,0
179567000
3,2,6,1112
0
3,2,7,878
0
3,2,8,779
0
3,2,9,2554
0
3,2,4,239
0
3,2,5,4
0
3,0,0,0
179697000
3,2,6,1115
0
3,2,7,879
0
3,2,8,779
0
3,2,9,2558
0
3,2,4,239
0
3,2,5,4
0
3,0,0,0
179430000
3,2,6,1113
0
3,2,7,879
0
3,2,8,778
0
3,2,9,2557
0
3,2,4,239
0
3,2,5,4
0
3,0,0,0
68199000
2,3,57,154
0
2,1,330,1
0
2,3,53,551
0
2,3,54,309
0
2,3,48,6
0
2,3,49,5
0
2,0,0,0
21228000
2,3,53,550
0
2,0,0,0
11063000
2,3,53,549
0
2,0,0,0
11129000
2,3,53,548
0
2,0,0,0
10930000
2,3,53,547
0
2,0,0,0
11131000
2,3,53,544
0
2,3,54,313
0
2,3,48,7
0
2,3,49,7
0
2,0,0,0
10553000
2,3,57,4294967295
0
2,1,330,0
0
2,0,0,0
34487000
3,2,6,1116
0
3,2,7,881
0
3,2,8,780
0
3,2,9,2563
0
3,2,4,239
0
3,2,5,4
0
3,0,0,0
179553000
3,2,6,1119
0
3,2,7,883
0
3,2,8,782
0
3,2,9,2570
0
3,2,4,239
0
3,2,5,4
0
3,0,0,0
179396000
3,2,6,1122
0
3,2,7,885
0
3,2,8,784
0
3,2,9,2575
0
3,2,4,239
0
3,2,5,4
0
3,0,0,0
180039000
3,2,6,1119
0
3,2,7,884
0
3,2,8,782
0
3,2,9,2571
0
3,2,4,239
0
3,2,5,4
0
3,0,0,0
179648000
3,2,6,1110
0
3,2,7,877
0
3,2,8,777
0
3,2,9,2553
0
3,2,4,239
0
3,2,5,4
0
3,0,0,0
179575000
3,2,6,1095
0
3,2,7,865
0
3,2,8,768
0
3,2,9,2520
0
3,2,4,239
0
3,2,5,4
0
3,0,0,0
179465000
3,2,6,1094
0
3,2,7,864
0
3,2,8,768
0
3,2,9,2517
0
3,2,4,239
0
3,2,5,4
0
3,0,0,0
180300000
3,2,6,1094
0
3,2,7,865
0
3,2,8,769
0
3,2,9,2520
0
3,2,4,239
0
3,2,5,4
0
3,0,0,0
179525000
3,2,6,1097
0
3,2,7,867
0
3,2,8,771
0
3,2,9,2526
0
3,2,4,239
0
3,2,5,4
0
3,0,0,0
179688000
3,2,6,1102
0
3,2,7,870
0
3,2,8,773
0
3,2,9,2534
0
3,2,4,239
0
3,2,5,4
0
3,0,0,0
178461000
3,2,6,1105
0
3,2,7,873
0
3,2,8,775
0
3,2,9,2541
0
3,2,4,239
0
3,2,5,4
0
3,0,0,0
180080000
3,2,6,1105
0
3,2,7,873
0
3,2,8,775
0
3,2,9,2541
0
3,2,4,239
0
3,2,5,4
0
3,0,0,0
179708000
3,2,6,1105
0
3,2,7,873
0
3,2,8,775
0
3,2,9,2541
0
3,2,4,239
0
3,2,5,4
0
3,0,0,0
178883000
3,2,6,1105
0
3,2,7,873
0
3,2,8,775
0
3,2,9,2542
0
3,2,4,239
0
3,2,5,4
0
3,0,0,0
179480000
3,2,6,1107
0
3,2,7,876
0
3,2,8,777
0
3,2,9,2546
0
3,2,4,239
0
3,2,5,4
0
3,0,0,0
179690000
3,2,6,1106
0
3,2,7,874
0
3,2,8,774
0
3,2,9,2542
0
3,2,4,239
0
3,2,5,4
0
3,0,0,0
179523000
3,2,6,1109
0
3,2,7,876
0
3,2,8,776
0
3,2,9,2546
0
3,2,4,239
0
3,2,5,4
0
3,0,0,0
179504000
3,2,6,1109
0
3,2,7,875
0
3,2,8,776
0
3,2,9,2546
0
3,2,4,239
0
3,2,5,4
0
3,0,0,0
179602000
3,2,6,1109
0
3,2,7,876
0
3,2,8,776
0
3,2,9,2547
0
3,2,4,239
0
3,2,5,4
0
3,0,0,0
179613000
3,2,6,1109
0
3,2,7,875
0
3,2,8,777
0
3,2,9,2544
0
3,2,4,239
0
3,2,5,4
0
3,0,0,0
179537000
3,2,6,1106
0
3,2,7,873
0
3,2,8,775
0
3,2,9,2542
0
3,2,4,239
0
3,2,5,4
0
3,0,0,0
179626000
3,2,6,1108
0
3,2,7,875
0
3,2,8,776
0
3,2,9,2544
0
3,2,4,239
0
3,2,5,4
0
3,0,0,0
179441000
3,2,6,1109
0
3,2,7,876
0
3,2,8,777
0
3,2,9,2546
0
3,2,4,239
0
3,2,5,4
0
3,0,0,0
179669000
3,2,6,1109
0
3,2,7,876
0
3,2,8,777
0
3,2,9,2546
0
3,2,4,239
0
3,2,5,4
0
3,0,0,0
179636000
3,2,6,1108
0
3,2,7,875
0
3,2,8,777
0
3,2,9,2545
0
3,2,4,239
0
3,2,5,4
0
3,0,0,0
179492000
3,2,6,1107
0
3,2,7,875
0
3,2,8,777
0
3,2,9,2545
0
3,2,4,239
0
3,2,5,4
0
3,0,0,0
179541000
3,2,6,1107
0
3,2,7,874
0
3,2,8,777
0
3,2,9,2543
0
3,2,4,239
0
3,2,5,4
0
3,0,0,0
179653000
3,2,6,1107
0
3,2,7,874
0
3,2,8,776
0
3,2,9,2543
0
3,2,4,239
0
3,2,5,4
0
3,0,0,0
179479000
3,2,6,1106
0
3,2,7,874
0
3,2,8,776
0
3,2,9,2542
0
3,2,4,239
0
3,2,5,4
0
3,0,0,0
180020000
3,2,6,1100
0
3,2,7,869
0
3,2,8,772
0
3,2,9,2530
0
3,2,4,239
0
3,2,5,4
0
3,0,0,0
179142000
3,2,6,1092
0
3,2,7,863
0
3,2,8,767
0
3,2,9,2515
0
3,2,4,239
0
3,2,5,4
0
3,0,0,0
179969000
3,2,6,1085
0
3,2,7,859
0
3,2,8,762
0
3,2,9,2499
0
3,2,4,239
0
3,2,5,4
0
3,0,0,0
179100000
3,2,6,1082
0
3,2,7,855
0
3,2,8,759
0
3,2,9,2492
0
3,2,4,239
0
3,2,5,4
0
3,0,0,0
179709000
3,2,6,1080
0
3,2,7,853
0
3,2,8,758
0
3,2,9,2488
0
3,2,4,239
0
3,2,5,4
0
3,0,0,0
179978000
3,2,6,1081
0
3,2,7,854
0
3,2,8,759
0
3,2,9,2489
0
3,2,4,239
0
3,2,5,4
0
3,0,0,0
179025000
3,2,6,1083
0
3,2,7,855
0
3,2,8,760
0
3,2,9,2493
0
3,2,4,239
0
3,2,5,4
0
3,0,0,0
180069000
3,2,6,1083
0
3,2,7,855
0
3,2,8,761
0
3,2,9,2493
0
3,2,4,239
0
3,2,5,4
0
3,0,0,0
180344000
3,2,6,1082
0
3,2,7,855
0
3,2,8,761
0
3,2,9,2492
0
3,2,4,239
0
3,2,5,4
0
3,0,0,0
178474000
3,2,6,1082
0
3,2,7,855
0
3,2,8,760
0
3,2,9,2492
0
3,2,4,239
0
3,2,5,4
0
3,0,0,0
179992000
3,2,6,1082
0
3,2,7,855
0
3,2,8,761
0
3,2,9,2492
0
3,2,4,239
0
3,2,5,4
0
3,0,0,0
179338000
3,2,6,1083
0
3,2,7,856
0
3,2,8,761
0
3,2,9,2493
0
3,2,4,239
0
3,2,5,4
0
3,0,0,0
179526000
3,2,6,1083
0
3,2,7,855
0
3,2,8,761
0
3,2,9,2493
0
3,2,4,239
0
3,2,5,4
0
3,0,0,0
179609000
3,2,6,1083
0
3,2,7,855
0
3,2,8,761
0
3,2,9,2494
0
3,2,4,239
0
3,2,5,4
0
3,0,0,0
179623000
3,2,6,1083
0
3,2,7,855
0
3,2,8,761
0
3,2,9,2494
0
3,2,4,239
0
3,2,5,4
0
3,0,0,0
179691000
3,2,6,1084
0
3,2,7,856
0
3,2,8,762
0
3,2,9,2496
0
3,2,4,239
0
3,2,5,4
0
3,0,0,0
179495000
3,2,6,1086
0
3,2,7,858
0
3,2,8,763
0
3,2,9,2501
0
3,2,4,239
0
3,2,5,4
0
3,0,0,0
179869000
3,2,6,1086
0
3,2,7,858
0
3,2,8,763
0
3,2,9,2501
0
3,2,4,239
0
3,2,5,4
0
3,0,0,0
179008000
3,2,6,1084
0
3,2,7,857
0
3,2,8,762
0
3,2,9,2498
0
3,2,4,239
0
3,2,5,4
0
3,0,0,0
179623000
3,2,6,1083
0
3,2,7,856
0
3,2,8,761
0
3,2,9,2495
0
3,2,4,239
0
3,2,5,4
0
3,0,0,0
179587000
3,2,6,1083
0
3,2,7,855
0
3,2,8,761
0
3,2,9,2493
0
3,2,4,239
0
3,2,5,4
0
3,0,0,0
179553000
3,2,6,1083
0
3,2,7,856
0
3,2,8,760
0
3,2,9,2493
0
3,2,4,239
0
3,2,5,4
0
3,0,0,0
180647000
3,2,6,1088
0
3,2,7,859
0
3,2,8,763
0
3,2,9,2503
0
3,2,4,239
0
3,2,5,4
0
3,0,0,0
179428000
3,2,6,1098
0
3,2,7,867
0
3,2,8,769
0
3,2,9,2526
0
3,2,4,239
0
3,2,5,4
0
3,0,0,0
178482000
3,2,6,1099
0
3,2,7,868
0
3,2,8,769
0
3,2,9,2528
0
3,2,4,239
0
3,2,5,4
0
3,0,0,0
179689000
3,2,6,1101
0
3,2,7,869
0
3,2,8,771
0
3,2,9,2532
0
3,2,4,239
0
3,2,5,4
0
3,0,0,0
41793000
1,1,158,1
0
1,0,0,0
102636000
1,1,158,0
0
1,0,0,0
35030000
3,2,6,1101
0
3,2,7,870
0
3,2,8,771
0
3,2,9,2534
0
3,2,4,239
0
3,2,5,4
0
3,0,0,0
179538000
3,2,6,1102
0
3,2,7,870
0
3,2,8,772
0
3,2,9,2535
0
3,2,4,239
0
3,2,5,4
0
3,0,0,0
179558000
3,2,6,1103
0
3,2,7,871
0
3,2,8,773
0
3,2,9,2538
0
3,2,4,239
0
3,2,5,4
0
3,0,0,0
180008000
3,2,6,1103
0
3,2,7,872
0
3,2,8,774
0
3,2,9,2537
0
3,2,4,239
0
3,2,5,4
0
3,0,0,0
179672000
3,2,6,1115
0
3,2,7,881
0
3,2,8,782
0
3,2,9,2560
0
3,2,4,239
0
3,2,5,4
0
3,0,0,0
179576000
3,2,6,1121
0
3,2,7,886
0
3,2,8,785
0
3,2,9,2573
0
3,2,4,239
0
3,2,5,4
0
3,0,0,0
179497000
3,2,6,1123
0
3,2,7,887
0
3,2,8,786
0
3,2,9,2576
0
3,2,4,239
0
3,2,5,4
0
3,0,0,0
