471
0
3,2,6,1042
0
3,2,7,824
0
3,2,8,736
0
3,2,9,2409
0
3,2,4,239
0
3,2,5,4
0
3,0,0,0
179430000
3,2,6,1052
0
3,2,7,831
0
3,2,8,742
0
3,2,9,2427
0
3,2,4,239
0
3,2,5,4
0
3,0,0,0
179397000
3,2,6,1063
0
3,2,7,840
0
3,2,8,749
0
3,2,9,2451
0
3,2,4,239
0
3,2,5,4
0
3,0,0,0
179891000
3,2,6,1071
0
3,2,7,847
0
3,2,8,755
0
3,2,9,2469
0
3,2,4,239
0
3,2,5,4
0
3,0,0,0
179375000
3,2,6,1078
0
3,2,7,852
0
3,2,8,758
0
3,2,9,2483
0
3,2,4,239
0
3,2,5,4
0
3,0,0,0
179486000
3,2,6,1075
0
3,2,7,850
0
3,2,8,756
0
3,2,9,2479
0
3,2,4,239
0
3,2,5,4
0
3,0,0,0
179576000
3,2,6,1074
0
3,2,7,849
0
3,2,8,756
0
3,2,9,2476
0
3,2,4,239
0
3,2,5,4
0
3,0,0,0
41080000
2,3,57,171
0
2,1,330,1
0
2,3,53,549
0
2,3,54,818
0
2,3,48,6
0
2,0,0,0
10353000
2,3,54,817
0
2,0,0,0
22027000
2,3,53,548
0
2,3,54,816
0
2,0,0,0
11061000
2,3,53,547
0
2,0,0,0
11023000
2,3,53,546
0
2,0,0,0
11091000
2,3,53,544
0
2,3,48,8
0
2,3,49,7
0
2,0,0,0
10424000
2,3,57,4294967295
0
2,1,330,0
0
2,0,0,0
61596000
3,2,6,1078
0
3,2,7,852
0
3,2,8,758
0
3,2,9,2482
0
3,2,4,239
0
3,2,5,4
0
3,0,0,0
179536000
3,2,6,1084
0
3,2,7,858
0
3,2,8,762
0
3,2,9,2497
0
3,2,4,239
0
3,2,5,4
0
3,0,0,0
179644000
3,2,6,1087
0
3,2,7,859
0
3,2,8,763
0
3,2,9,2501
0
3,2,4,239
0
3,2,5,4
0
3,0,0,0
179561000
3,2,6,1085
0
3,2,7,858
0
3,2,8,762
0
3,2,9,2499
0
3,2,4,239
0
3,2,5,4
0
3,0,0,0
179483000
3,2,6,1090
0
3,2,7,861
0
3,2,8,764
0
3,2,9,2508
0
3,2,4,239
0
3,2,5,4
0
3,0,0,0
179458000
3,2,6,1092
0
3,2,7,862
0
3,2,8,764
0
3,2,9,2510
0
3,2,4,239
0
3,2,5,4
0
3,0,0,0
179732000
3,2,6,1087
0
3,2,7,858
0
3,2,8,761
0
3,2,9,2500
0
3,2,4,239
0
3,2,5,4
0
3,0,0,0
179779000
3,2,6,1078
0
3,2,7,851
0
3,2,8,757
0
3,2,9,2483
0
3,2,4,239
0
3,2,5,4
0
3,0,0,0
179700000
3,2,6,1073
0
3,2,7,848
0
3,2,8,753
0
3,2,9,2470
0
3,2,4,239
0
3,2,5,4
0
3,0,0,0
179507000
3,2,6,1067
0
3,2,7,844
0
3,2,8,751
0
3,2,9,2462
0
3,2,4,239
0
3,2,5,4
0
3,0,0,0
179490000
3,2,6,1066
0
3,2,7,843
0
3,2,8,750
0
3,2,9,2459
0
3,2,4,239
0
3,2,5,4
0
3,0,0,0
179590000
3,2,6,1066
0
3,2,7,843
0
3,2,8,750
0
3,2,9,2457
0
3,2,4,239
0
3,2,5,4
0
3,0,0,0
179613000
3,2,6,1065
0
3,2,7,842
0
3,2,8,749
0
3,2,9,2456
0
3,2,4,239
0
3,2,5,4
0
3,0,0,0
179574000
3,2,6,1065
0
3,2,7,841
0
3,2,8,749
0
3,2,9,2453
0
3,2,4,239
0
3,2,5,4
0
3,0,0,0
179567000
3,2,6,1064
0
3,2,7,840
0
3,2,8,748
0
3,2,9,2452
0
3,2,4,239
0
3,2,5,4
0
3,0,0,0
179352000
3,2,6,1062
0
3,2,7,841
0
3,2,8,747
0
3,2,9,2450
0
3,2,4,239
0
3,2,5,4
0
3,0,0,0
179702000
3,2,6,1061
0
3,2,7,839
0
3,2,8,746
0
3,2,9,2447
0
3,2,4,239
0
3,2,5,4
0
3,0,0,0
179418000
3,2,6,1060
0
3,2,7,838
0
3,2,8,746
0
3,2,9,2446
0
3,2,4,239
0
3,2,5,4
0
3,0,0,0
179552000
3,2,6,1060
0
3,2,7,837
0
3,2,8,744
0
3,2,9,2443
0
3,2,4,239
0
3,2,5,4
0
3,0,0,0
179569000
3,2,6,1058
0
3,2,7,837
0
3,2,8,745
0
3,2,9,2443
0
3,2,4,239
0
3,2,5,4
0
3,0,0,0
179814000
3,2,6,1059
0
3,2,7,837
0
3,2,8,744
0
3,2,9,2441
0
3,2,4,239
0
3,2,5,4
0
3,0,0,0
179437000
3,2,6,1058
0
3,2,7,837
0
3,2,8,745
0
3,2,9,2443
0
3,2,4,239
0
3,2,5,4
0
3,0,0,0
179387000
3,2,6,1060
0
3,2,7,839
0
3,2,8,746
0
3,2,9,2447
0
3,2,4,239
0
3,2,5,4
0
3,0,0,0
179648000
3,2,6,1058
0
3,2,7,837
0
3,2,8,746
0
3,2,9,2443
0
3,2,4,239
0
3,2,5,4
0
3,0,0,0
179514000
3,2,6,1054
0
3,2,7,834
0
3,2,8,743
0
3,2,9,2435
0
3,2,4,239
0
3,2,5,4
0
3,0,0,0
179606000
3,2,6,1054
0
3,2,7,834
0
3,2,8,743
0
3,2,9,2435
0
3,2,4,239
0
3,2,5,4
0
3,0,0,0
179688000
3,2,6,1055
0
3,2,7,836
0
3,2,8,743
0
3,2,9,2437
0
3,2,4,239
0
3,2,5,4
0
3,0,0,0
180240000
3,2,6,1057
0
3,2,7,835
0
3,2,8,744
0
3,2,9,2439
0
3,2,4,239
0
3,2,5,4
0
3,0,0,0
179224000
3,2,6,1058
0
3,2,7,837
0
3,2,8,745
0
3,2,9,2439
0
3,2,4,239
0
3,2,5,4
0
3,0,0,0
179734000
3,2,6,1058
0
3,2,7,836
0
3,2,8,745
0
3,2,9,2440
0
3,2,4,239
0
3,2,5,4
0
3,0,0,0
179186000
3,2,6,1059
0
3,2,7,837
0
3,2,8,746
0
3,2,9,2443
0
3,2,4,239
0
3,2,5,4
0
3,0,0,0
179996000
3,2,6,1072
0
3,2,7,847
0
3,2,8,754
0
3,2,9,2469
0
3,2,4,239
0
3,2,5,4
0
3,0,0,0
179057000
3,2,6,1084
0
3,2,7,857
0
3,2,8,761
0
3,2,9,2493
0
3,2,4,239
0
3,2,5,4
0
3,0,0,0
179590000
3,2,6,1088
0
3,2,7,860
0
3,2,8,763
0
3,2,9,2502
0
3,2,4,239
0
3,2,5,4
0
3,0,0,0
179477000
3,2,6,1085
0
3,2,7,857
0
3,2,8,761
0
3,2,9,2496
0
3,2,4,239
0
3,2,5,4
0
3,0,0,0
179750000
3,2,6,1079
0
3,2,7,852
0
3,2,8,757
0
3,2,9,2484
0
3,2,4,239
0
3,2,5,4
0
3,0,0,0
179554000
3,2,6,1076
0
3,2,7,851
0
3,2,8,756
0
3,2,9,2479
0
3,2,4,239
0
3,2,5,4
0
3,0,0,0
179593000
3,2,6,1076
0
3,2,7,850
0
3,2,8,756
0
3,2,9,2478
0
3,2,4,239
0
3,2,5,4
0
3,0,0,0
179751000
3,2,6,1075
0
3,2,7,849
0
3,2,8,755
0
3,2,9,2476
0
3,2,4,239
0
3,2,5,4
0
3,0,0,0
88304000
1,1,158,1
0
1,0,0,0
91010000
3,2,6,1075
0
3,2,7,850
0
3,2,8,756
0
3,2,9,2478
0
3,2,4,239
0
3,2,5,4
0
3,0,0,0
28707000
1,1,158,0
0
1,0,0,0
150839000
3,2,6,1076
0
3,2,7,850
0
3,2,8,756
0
3,2,9,2478
0
3,2,4,239
0
3,2,5,4
0
3,0,0,0
179595000
3,2,6,1075
0
3,2,7,850
0
3,2,8,756
0
3,2,9,2478
0
3,2,4,239
0
3,2,5,4
0
3,0,0,0
179403000
3,2,6,1075
0
3,2,7,850
0
3,2,8,756
0
3,2,9,2477
0
3,2,4,239
0
3,2,5,4
0
3,0,0,0
179638000
3,2,6,1075
0
3,2,7,850
0
3,2,8,756
0
3,2,9,2476
0
3,2,4,239
0
3,2,5,4
0
3,0,0,0
179546000
3,2,6,1075
0
3,2,7,849
0
3,2,8,755
0
3,2,9,2475
0
3,2,4,239
0
3,2,5,4
0
3,0,0,0
140464000
2,3,57,172
0
2,1,330,1
0
2,3,53,197
0
2,3,54,1156
0
2,3,48,6
0
2,3,49,6
0
2,0,0,0
10774000
2,3,54,1155
0
2,0,0,0
28280000
3,2,6,1075
0
3,2,7,851
0
3,2,8,755
0
3,2,9,2476
0
3,2,4,239
0
3,2,5,4
0
3,0,0,0
4879000
2,3,54,1154
0
2,0,0,0
11007000
2,3,54,1153
0
2,0,0,0
11178000
2,3,54,1152
0
2,0,0,0
10837000
2,3,53,196
0
2,3,54,1151
0
2,0,0,0
11037000
2,3,53,195
0
2,3,48,8
0
2,3,49,8
0
2,0,0,0
10565000
2,3,57,4294967295
0
2,1,330,0
0
2,0,0,0
120096000
3,2,6,1075
0
3,2,7,850
0
3,2,8,755
0
3,2,9,2477
0
3,2,4,239
0
3,2,5,4
0
3,0,0,0
179770000
3,2,6,1076
0
3,2,7,850
0
3,2,8,755
0
3,2,9,2478
0
3,2,4,239
0
3,2,5,4
0
3,0,0,0
179220000
3,2,6,1076
0
3,2,7,850
0
3,2,8,755
0
3,2,9,2477
0
3,2,4,239
0
3,2,5,4
0
3,0,0,0
180096000
3,2,6,1077
0
3,2,7,851
0
3,2,8,756
0
3,2,9,2479
0
3,2,4,239
0
3,2,5,4
0
3,0,0,0
179247000
3,2,6,1096
0
3,2,7,866
0
3,2,8,769
0
3,2,9,2519
0
3,2,4,239
0
3,2,5,4
0
3,0,0,0
179758000
3,2,6,1110
0
3,2,7,877
0
3,2,8,778
0
3,2,9,2548
0
3,2,4,239
0
3,2,5,4
0
3,0,0,0
179580000
3,2,6,1119
0
3,2,7,884
0
3,2,8,782
0
3,2,9,2565
0
3,2,4,239
0
3,2,5,4
0
3,0,0,0
