1545
0
3,2,6,1196
0
3,2,7,939
0
3,2,8,827
0
3,2,9,2745
0
3,2,4,239
0
3,2,5,4
0
3,0,0,0
179570000
3,2,6,1197
0
3,2,7,939
0
3,2,8,828
0
3,2,9,2744
0
3,2,4,239
0
3,2,5,4
0
3,0,0,0
179509000
3,2,6,1196
0
3,2,7,939
0
3,2,8,828
0
3,2,9,2743
0
3,2,4,239
0
3,2,5,4
0
3,0,0,0
179664000
3,2,6,1195
0
3,2,7,939
0
3,2,8,827
0
3,2,9,2743
0
3,2,4,239
0
3,2,5,4
0
3,0,0,0
127198000
2,3,57,149
0
2,1,330,1
0
2,3,53,213
0
2,3,54,821
0
2,3,48,6
0
2,3,49,5
0
2,0,0,0
10792000
2,3,49,6
0
2,0,0,0
21356000
2,3,54,820
0
2,0,0,0
11161000
2,3,54,819
0
2,0,0,0
8422000
3,2,6,1195
0
3,2,7,938
0
3,2,8,827
0
3,2,9,2743
0
3,2,4,239
0
3,2,5,4
0
3,0,0,0
13769000
2,3,48,7
0
2,0,0,0
10601000
2,3,57,4294967295
0
2,1,330,0
0
2,0,0,0
154726000
3,2,6,1196
0
3,2,7,940
0
3,2,8,828
0
3,2,9,2745
0
3,2,4,239
0
3,2,5,4
0
3,0,0,0
179586000
3,2,6,1197
0
3,2,7,939
0
3,2,8,828
0
3,2,9,2744
0
3,2,4,239
0
3,2,5,4
0
3,0,0,0
179735000
3,2,6,1196
0
3,2,7,939
0
3,2,8,827
0
3,2,9,2744
0
3,2,4,239
0
3,2,5,4
0
3,0,0,0
179396000
3,2,6,1195
0
3,2,7,939
0
3,2,8,827
0
3,2,9,2741
0
3,2,4,239
0
3,2,5,4
0
3,0,0,0
179548000
3,2,6,1196
0
3,2,7,939
0
3,2,8,827
0
3,2,9,2743
0
3,2,4,239
0
3,2,5,4
0
3,0,0,0
180002000
3,2,6,1196
0
3,2,7,939
0
3,2,8,829
0
3,2,9,2744
0
3,2,4,239
0
3,2,5,4
0
3,0,0,0
179502000
3,2,6,1196
0
3,2,7,939
0
3,2,8,828
0
3,2,9,2744
0
3,2,4,239
0
3,2,5,4
0
3,0,0,0
180408000
3,2,6,1197
0
3,2,7,939
0
3,2,8,828
0
3,2,9,2744
0
3,2,4,239
0
3,2,5,4
0
3,0,0,0
179526000
3,2,6,1197
0
3,2,7,939
0
3,2,8,828
0
3,2,9,2745
0
3,2,4,239
0
3,2,5,4
0
3,0,0,0
179706000
3,2,6,1197
0
3,2,7,940
0
3,2,8,828
0
3,2,9,2743
0
3,2,4,239
0
3,2,5,4
0
3,0,0,0
179246000
3,2,6,1196
0
3,2,7,939
0
3,2,8,828
0
3,2,9,2743
0
3,2,4,239
0
3,2,5,4
0
3,0,0,0
178770000
3,2,6,1197
0
3,2,7,939
0
3,2,8,828
0
3,2,9,2744
0
3,2,4,239
0
3,2,5,4
0
3,0,0,0
180482000
3,2,6,1196
0
3,2,7,939
0
3,2,8,827
0
3,2,9,2744
0
3,2,4,239
0
3,2,5,4
0
3,0,0,0
179663000
3,2,6,1196
0
3,2,7,938
0
3,2,8,827
0
3,2,9,2742
0
3,2,4,239
0
3,2,5,4
0
3,0,0,0
179746000
3,2,6,1196
0
3,2,7,938
0
3,2,8,827
0
3,2,9,2742
0
3,2,4,239
0
3,2,5,4
0
3,0,0,0
179624000
3,2,6,1196
0
3,2,7,938
0
3,2,8,828
0
3,2,9,2742
0
3,2,4,239
0
3,2,5,4
0
3,0,0,0
179424000
3,2,6,1196
0
3,2,7,939
0
3,2,8,828
0
3,2,9,2743
0
3,2,4,239
0
3,2,5,4
0
3,0,0,0
179459000
3,2,6,1196
0
3,2,7,939
0
3,2,8,828
0
3,2,9,2742
0
3,2,4,239
0
3,2,5,4
0
3,0,0,0
179538000
3,2,6,1196
0
3,2,7,939
0
3,2,8,827
0
3,2,9,2743
0
3,2,4,239
0
3,2,5,4
0
3,0,0,0
179560000
3,2,6,1196
0
3,2,7,939
0
3,2,8,827
0
3,2,9,2743
0
3,2,4,239
0
3,2,5,4
0
3,0,0,0
179618000
3,2,6,1196
0
3,2,7,939
0
3,2,8,827
0
3,2,9,2742
0
3,2,4,239
0
3,2,5,4
0
3,0,0,0
179538000
3,2,6,1196
0
3,2,7,939
0
3,2,8,827
0
3,2,9,2743
0
3,2,4,239
0
3,2,5,4
0
3,0,0,0
179554000
3,2,6,1196
0
3,2,7,939
0
3,2,8,828
0
3,2,9,2743
0
3,2,4,239
0
3,2,5,4
0
3,0,0,0
179635000
3,2,6,1196
0
3,2,7,939
0
3,2,8,827
0
3,2,9,2743
0
3,2,4,239
0
3,2,5,4
0
3,0,0,0
179561000
3,2,6,1195
0
3,2,7,939
0
3,2,8,827
0
3,2,9,2744
0
3,2,4,239
0
3,2,5,4
0
3,0,0,0
179840000
3,2,6,1196
0
3,2,7,939
0
3,2,8,828
0
3,2,9,2744
0
3,2,4,239
0
3,2,5,4
0
3,0,0,0
178875000
3,2,6,1196
0
3,2,7,939
0
3,2,8,828
0
3,2,9,2744
0
3,2,4,239
0
3,2,5,4
0
3,0,0,0
179546000
3,2,6,1196
0
3,2,7,939
0
3,2,8,828
0
3,2,9,2743
0
3,2,4,239
0
3,2,5,4
0
3,0,0,0
179048000
3,2,6,1197
0
3,2,7,939
0
3,2,8,827
0
3,2,9,2743
0
3,2,4,239
0
3,2,5,4
0
3,0,0,0
179736000
3,2,6,1196
0
3,2,7,939
0
3,2,8,828
0
3,2,9,2743
0
3,2,4,239
0
3,2,5,4
0
3,0,0,0
180291000
3,2,6,1196
0
3,2,7,939
0
3,2,8,828
0
3,2,9,2742
0
3,2,4,239
0
3,2,5,4
0
3,0,0,0
179586000
3,2,6,1196
0
3,2,7,939
0
3,2,8,827
0
3,2,9,2743
0
3,2,4,239
0
3,2,5,4
0
3,0,0,0
178579000
3,2,6,1196
0
3,2,7,939
0
3,2,8,828
0
3,2,9,2742
0
3,2,4,239
0
3,2,5,4
0
3,0,0,0
180539000
3,2,6,1195
0
3,2,7,939
0
3,2,8,828
0
3,2,9,2742
0
3,2,4,239
0
3,2,5,4
0
3,0,0,0
179680000
3,2,6,1196
0
3,2,7,939
0
3,2,8,827
0
3,2,9,2742
0
3,2,4,239
0
3,2,5,4
0
3,0,0,0
179643000
3,2,6,1196
0
3,2,7,939
0
3,2,8,827
0
3,2,9,2743
0
3,2,4,239
0
3,2,5,4
0
3,0,0,0
179489000
3,2,6,1195
0
3,2,7,939
0
3,2,8,827
0
3,2,9,2741
0
3,2,4,239
0
3,2,5,4
0
3,0,0,0
179679000
3,2,6,1196
0
3,2,7,939
0
3,2,8,828
0
3,2,9,2743
0
3,2,4,239
0
3,2,5,4
0
3,0,0,0
179835000
3,2,6,1196
0
3,2,7,939
0
3,2,8,827
0
3,2,9,2742
0
3,2,4,239
0
3,2,5,4
0
3,0,0,0
179380000
3,2,6,1196
0
3,2,7,939
0
3,2,8,828
0
3,2,9,2742
0
3,2,4,239
0
3,2,5,4
0
3,0,0,0
179594000
3,2,6,1196
0
3,2,7,939
0
3,2,8,828
0
3,2,9,2743
0
3,2,4,239
0
3,2,5,4
0
3,0,0,0
179340000
3,2,6,1196
0
3,2,7,939
0
3,2,8,828
0
3,2,9,2744
0
3,2,4,239
0
3,2,5,4
0
3,0,0,0
179649000
3,2,6,1196
0
3,2,7,939
0
3,2,8,827
0
3,2,9,2743
0
3,2,4,239
0
3,2,5,4
0
3,0,0,0
179409000
3,2,6,1196
0
3,2,7,939
0
3,2,8,828
0
3,2,9,2742
0
3,2,4,239
0
3,2,5,4
0
3,0,0,0
179630000
3,2,6,1197
0
3,2,7,939
0
3,2,8,829
0
3,2,9,2743
0
3,2,4,239
0
3,2,5,4
0
3,0,0,0
179651000
3,2,6,1197
0
3,2,7,939
0
3,2,8,828
0
3,2,9,2743
0
3,2,4,239
0
3,2,5,4
0
3,0,0,0
179597000
3,2,6,1197
0
3,2,7,939
0
3,2,8,828
0
3,2,9,2744
0
3,2,4,239
0
3,2,5,4
0
3,0,0,0
179383000
3,2,6,1196
0
3,2,7,940
0
3,2,8,828
0
3,2,9,2743
0
3,2,4,239
0
3,2,5,4
0
3,0,0,0
179807000
3,2,6,1197
0
3,2,7,940
0
3,2,8,828
0
3,2,9,2744
0
3,2,4,239
0
3,2,5,4
0
3,0,0,0
179609000
3,2,6,1196
0
3,2,7,939
0
3,2,8,828
0
3,2,9,2744
0
3,2,4,239
0
3,2,5,4
0
3,0,0,0
179619000
3,2,6,1196
0
3,2,7,939
0
3,2,8,827
0
3,2,9,2742
0
3,2,4,239
0
3,2,5,4
0
3,0,0,0
179395000
3,2,6,1196
0
3,2,7,939
0
3,2,8,827
0
3,2,9,2742
0
3,2,4,239
0
3,2,5,4
0
3,0,0,0
179508000
3,2,6,1196
0
3,2,7,939
0
3,2,8,827
0
3,2,9,2743
0
3,2,4,239
0
3,2,5,4
0
3,0,0,0
179576000
3,2,6,1196
0
3,2,7,939
0
3,2,8,827
0
3,2,9,2742
0
3,2,4,239
0
3,2,5,4
0
3,0,0,0
179583000
3,2,6,1195
0
3,2,7,938
0
3,2,8,827
0
3,2,9,2742
0
3,2,4,239
0
3,2,5,4
0
3,0,0,0
179602000
3,2,6,1196
0
3,2,7,939
0
3,2,8,827
0
3,2,9,2743
0
3,2,4,239
0
3,2,5,4
0
3,0,0,0
179599000
3,2,6,1196
0
3,2,7,939
0
3,2,8,827
0
3,2,9,2742
0
3,2,4,239
0
3,2,5,4
0
3,0,0,0
179422000
3,2,6,1196
0
3,2,7,939
0
3,2,8,827
0
3,2,9,2743
0
3,2,4,239
0
3,2,5,4
0
3,0,0,0
179715000
3,2,6,1196
0
3,2,7,939
0
3,2,8,827
0
3,2,9,2744
0
3,2,4,239
0
3,2,5,4
0
3,0,0,0
179452000
3,2,6,1196
0
3,2,7,939
0
3,2,8,828
0
3,2,9,2743
0
3,2,4,239
0
3,2,5,4
0
3,0,0,0
179651000
3,2,6,1196
0
3,2,7,939
0
3,2,8,827
0
3,2,9,2742
0
3,2,4,239
0
3,2,5,4
0
3,0,0,0
179685000
3,2,6,1195
0
3,2,7,939
0
3,2,8,828
0
3,2,9,2742
0
3,2,4,239
0
3,2,5,4
0
3,0,0,0
179550000
3,2,6,1195
0
3,2,7,939
0
3,2,8,828
0
3,2,9,2743
0
3,2,4,239
0
3,2,5,4
0
3,0,0,0
179450000
3,2,6,1196
0
3,2,7,939
0
3,2,8,828
0
3,2,9,2745
0
3,2,4,239
0
3,2,5,4
0
3,0,0,0
179480000
3,2,6,1195
0
3,2,7,939
0
3,2,8,828
0
3,2,9,2743
0
3,2,4,239
0
3,2,5,4
0
3,0,0,0
179625000
3,2,6,1196
0
3,2,7,939
0
3,2,8,828
0
3,2,9,2744
0
3,2,4,239
0
3,2,5,4
0
3,0,0,0
179550000
3,2,6,1196
0
3,2,7,939
0
3,2,8,828
0
3,2,9,2744
0
3,2,4,239
0
3,2,5,4
0
3,0,0,0
179594000
3,2,6,1196
0
3,2,7,939
0
3,2,8,828
0
3,2,9,2741
0
3,2,4,239
0
3,2,5,4
0
3,0,0,0
178585000
3,2,6,1196
0
3,2,7,939
0
3,2,8,828
0
3,2,9,2743
0
3,2,4,239
0
3,2,5,4
0
3,0,0,0
179581000
3,2,6,1196
0
3,2,7,938
0
3,2,8,827
0
3,2,9,2742
0
3,2,4,239
0
3,2,5,4
0
3,0,0,0
180589000
3,2,6,1195
0
3,2,7,939
0
3,2,8,827
0
3,2,9,2742
0
3,2,4,239
0
3,2,5,4
0
3,0,0,0
179593000
3,2,6,1195
0
3,2,7,938
0
3,2,8,827
0
3,2,9,2742
0
3,2,4,239
0
3,2,5,4
0
3,0,0,0
179850000
3,2,6,1196
0
3,2,7,938
0
3,2,8,828
0
3,2,9,2742
0
3,2,4,239
0
3,2,5,4
0
3,0,0,0
179338000
3,2,6,1195
0
3,2,7,938
0
3,2,8,827
0
3,2,9,2743
0
3,2,4,239
0
3,2,5,4
0
3,0,0,0
179605000
3,2,6,1196
0
3,2,7,938
0
3,2,8,827
0
3,2,9,2743
0
3,2,4,239
0
3,2,5,4
0
3,0,0,0
179360000
3,2,6,1196
0
3,2,7,939
0
3,2,8,828
0
3,2,9,2743
0
3,2,4,239
0
3,2,5,4
0
3,0,0,0
178588000
3,2,6,1195
0
3,2,7,939
0
3,2,8,827
0
3,2,9,2743
0
3,2,4,239
0
3,2,5,4
0
3,0,0,0
180593000
3,2,6,1195
0
3,2,7,939
0
3,2,8,827
0
3,2,9,2742
0
3,2,4,239
0
3,2,5,4
0
3,0,0,0
179525000
3,2,6,1196
0
3,2,7,939
0
3,2,8,827
0
3,2,9,2742
0
3,2,4,239
0
3,2,5,4
0
3,0,0,0
178542000
3,2,6,1195
0
3,2,7,939
0
3,2,8,827
0
3,2,9,2741
0
3,2,4,239
0
3,2,5,4
0
3,0,0,0
180677000
3,2,6,1195
0
3,2,7,939
0
3,2,8,827
0
3,2,9,2742
0
3,2,4,239
0
3,2,5,4
0
3,0,0,0
179690000
3,2,6,1196
0
3,2,7,939
0
3,2,8,827
0
3,2,9,2743
0
3,2,4,239
0
3,2,5,4
0
3,0,0,0
179446000
3,2,6,1195
0
3,2,7,939
0
3,2,8,827
0
3,2,9,2743
0
3,2,4,239
0
3,2,5,4
0
3,0,0,0
181042000
3,2,6,1196
0
3,2,7,939
0
3,2,8,828
0
3,2,9,2745
0
3,2,4,239
0
3,2,5,4
0
3,0,0,0
178170000
3,2,6,1196
0
3,2,7,939
0
3,2,8,828
0
3,2,9,2743
0
3,2,4,239
0
3,2,5,4
0
3,0,0,0
179647000
3,2,6,1195
0
3,2,7,939
0
3,2,8,828
0
3,2,9,2743
0
3,2,4,239
0
3,2,5,4
0
3,0,0,0
179522000
3,2,6,1196
0
3,2,7,939
0
3,2,8,827
0
3,2,9,2742
0
3,2,4,239
0
3,2,5,4
0
3,0,0,0
179435000
3,2,6,1196
0
3,2,7,939
0
3,2,8,827
0
3,2,9,2743
0
3,2,4,239
0
3,2,5,4
0
3,0,0,0
179616000
3,2,6,1196
0
3,2,7,939
0
3,2,8,827
0
3,2,9,2744
0
3,2,4,239
0
3,2,5,4
0
3,0,0,0
179512000
3,2,6,1195
0
3,2,7,939
0
3,2,8,827
0
3,2,9,2743
0
3,2,4,239
0
3,2,5,4
0
3,0,0,0
179635000
3,2,6,1196
0
3,2,7,939
0
3,2,8,827
0
3,2,9,2743
0
3,2,4,239
0
3,2,5,4
0
3,0,0,0
178824000
3,2,6,1196
0
3,2,7,939
0
3,2,8,827
0
3,2,9,2743
0
3,2,4,239
0
3,2,5,4
0
3,0,0,0
179586000
3,2,6,1196
0
3,2,7,939
0
3,2,8,827
0
3,2,9,2742
0
3,2,4,239
0
3,2,5,4
0
3,0,0,0
180268000
3,2,6,1195
0
3,2,7,939
0
3,2,8,827
0
3,2,9,2742
0
3,2,4,239
0
3,2,5,4
0
3,0,0,0
179565000
3,2,6,1195
0
3,2,7,939
0
3,2,8,827
0
3,2,9,2741
0
3,2,4,239
0
3,2,5,4
0
3,0,0,0
179858000
3,2,6,1196
0
3,2,7,939
0
3,2,8,827
0
3,2,9,2741
0
3,2,4,239
0
3,2,5,4
0
3,0,0,0
179130000
3,2,6,1195
0
3,2,7,939
0
3,2,8,827
0
3,2,9,2741
0
3,2,4,239
0
3,2,5,4
0
3,0,0,0
179939000
3,2,6,1195
0
3,2,7,939
0
3,2,8,827
0
3,2,9,2743
0
3,2,4,239
0
3,2,5,4
0
3,0,0,0
179455000
3,2,6,1195
0
3,2,7,939
0
3,2,8,828
0
3,2,9,2743
0
3,2,4,239
0
3,2,5,4
0
3,0,0,0
179764000
3,2,6,1195
0
3,2,7,939
0
3,2,8,827
0
3,2,9,2742
0
3,2,4,239
0
3,2,5,4
0
3,0,0,0
179439999
3,2,6,1195
0
3,2,7,938
0
3,2,8,828
0
3,2,9,2742
0
3,2,4,239
0
3,2,5,4
0
3,0,0,0
179406001
3,2,6,1195
0
3,2,7,939
0
3,2,8,828
0
3,2,9,2741
0
3,2,4,239
0
3,2,5,4
0
3,0,0,0
180740000
3,2,6,1196
0
3,2,7,938
0
3,2,8,827
0
3,2,9,2741
0
3,2,4,239
0
3,2,5,4
0
3,0,0,0
178385000
3,2,6,1196
0
3,2,7,938
0
3,2,8,827
0
3,2,9,2742
0
3,2,4,239
0
3,2,5,4
0
3,0,0,0
179526000
3,2,6,1195
0
3,2,7,939
0
3,2,8,828
0
3,2,9,2741
0
3,2,4,239
0
3,2,5,4
0
3,0,0,0
179628000
3,2,6,1195
0
3,2,7,939
0
3,2,8,827
0
3,2,9,2741
0
3,2,4,239
0
3,2,5,4
0
3,0,0,0
179617000
3,2,6,1195
0
3,2,7,939
0
3,2,8,827
0
3,2,9,2741
0
3,2,4,239
0
3,2,5,4
0
3,0,0,0
180003000
3,2,6,1195
0
3,2,7,939
0
3,2,8,827
0
3,2,9,2740
0
3,2,4,239
0
3,2,5,4
0
3,0,0,0
178245999
3,2,6,1196
0
3,2,7,938
0
3,2,8,827
0
3,2,9,2741
0
3,2,4,239
0
3,2,5,4
0
3,0,0,0
179352001
3,2,6,1195
0
3,2,7,939
0
3,2,8,827
0
3,2,9,2742
0
3,2,4,239
0
3,2,5,4
0
3,0,0,0
179828000
3,2,6,1196
0
3,2,7,939
0
3,2,8,827
0
3,2,9,2741
0
3,2,4,239
0
3,2,5,4
0
3,0,0,0
180504000
3,2,6,1195
0
3,2,7,939
0
3,2,8,827
0
3,2,9,2743
0
3,2,4,239
0
3,2,5,4
0
3,0,0,0
178578999
3,2,6,1195
0
3,2,7,939
0
3,2,8,827
0
3,2,9,2741
0
3,2,4,239
0
3,2,5,4
0
3,0,0,0
179843001
3,2,6,1195
0
3,2,7,939
0
3,2,8,827
0
3,2,9,2741
0
3,2,4,239
0
3,2,5,4
0
3,0,0,0
179132999
3,2,6,1196
0
3,2,7,939
0
3,2,8,828
0
3,2,9,2742
0
3,2,4,239
0
3,2,5,4
0
3,0,0,0
179961000
3,2,6,1195
0
3,2,7,939
0
3,2,8,827
0
3,2,9,2742
0
3,2,4,239
0
3,2,5,4
0
3,0,0,0
179258001
3,2,6,1195
0
3,2,7,939
0
3,2,8,827
0
3,2,9,2742
0
3,2,4,239
0
3,2,5,4
0
3,0,0,0
179766999
3,2,6,1195
0
3,2,7,939
0
3,2,8,827
0
3,2,9,2744
0
3,2,4,239
0
3,2,5,4
0
3,0,0,0
180540001
3,2,6,1196
0
3,2,7,939
0
3,2,8,827
0
3,2,9,2741
0
3,2,4,239
0
3,2,5,4
0
3,0,0,0
179370000
3,2,6,1196
0
3,2,7,938
0
3,2,8,828
0
3,2,9,2742
0
3,2,4,239
0
3,2,5,4
0
3,0,0,0
179697000
3,2,6,1196
0
3,2,7,939
0
3,2,8,827
0
3,2,9,2742
0
3,2,4,239
0
3,2,5,4
0
3,0,0,0
179536000
3,2,6,1196
0
3,2,7,939
0
3,2,8,827
0
3,2,9,2743
0
3,2,4,239
0
3,2,5,4
0
3,0,0,0
179438000
3,2,6,1196
0
3,2,7,939
0
3,2,8,827
0
3,2,9,2742
0
3,2,4,239
0
3,2,5,4
0
3,0,0,0
178461000
3,2,6,1195
0
3,2,7,939
0
3,2,8,828
0
3,2,9,2742
0
3,2,4,239
0
3,2,5,4
0
3,0,0,0
179989000
3,2,6,1195
0
3,2,7,939
0
3,2,8,827
0
3,2,9,2742
0
3,2,4,239
0
3,2,5,4
0
3,0,0,0
179546000
3,2,6,1195
0
3,2,7,939
0
3,2,8,827
0
3,2,9,2741
0
3,2,4,239
0
3,2,5,4
0
3,0,0,0
179097999
3,2,6,1195
0
3,2,7,939
0
3,2,8,827
0
3,2,9,2742
0
3,2,4,239
0
3,2,5,4
0
3,0,0,0
179556001
3,2,6,1195
0
3,2,7,938
0
3,2,8,827
0
3,2,9,2742
0
3,2,4,239
0
3,2,5,4
0
3,0,0,0
179652999
3,2,6,1195
0
3,2,7,939
0
3,2,8,827
0
3,2,9,2742
0
3,2,4,239
0
3,2,5,4
0
3,0,0,0
179558000
3,2,6,1195
0
3,2,7,939
0
3,2,8,828
0
3,2,9,2742
0
3,2,4,239
0
3,2,5,4
0
3,0,0,0
180216000
3,2,6,1196
0
3,2,7,939
0
3,2,8,827
0
3,2,9,2742
0
3,2,4,239
0
3,2,5,4
0
3,0,0,0
179947001
3,2,6,1195
0
3,2,7,939
0
3,2,8,827
0
3,2,9,2742
0
3,2,4,239
0
3,2,5,4
0
3,0,0,0
178934999
3,2,6,1195
0
3,2,7,939
0
3,2,8,827
0
3,2,9,2741
0
3,2,4,239
0
3,2,5,4
0
3,0,0,0
180617001
3,2,6,1195
0
3,2,7,939
0
3,2,8,827
0
3,2,9,2741
0
3,2,4,239
0
3,2,5,4
0
3,0,0,0
178324000
3,2,6,1196
0
3,2,7,939
0
3,2,8,827
0
3,2,9,2741
0
3,2,4,239
0
3,2,5,4
0
3,0,0,0
179602000
3,2,6,1195
0
3,2,7,939
0
3,2,8,827
0
3,2,9,2741
0
3,2,4,239
0
3,2,5,4
0
3,0,0,0
179469000
3,2,6,1195
0
3,2,7,939
0
3,2,8,828
0
3,2,9,2742
0
3,2,4,239
0
3,2,5,4
0
3,0,0,0
180041999
3,2,6,1196
0
3,2,7,939
0
3,2,8,827
0
3,2,9,2743
0
3,2,4,239
0
3,2,5,4
0
3,0,0,0
179300000
3,2,6,1195
0
3,2,7,939
0
3,2,8,827
0
3,2,9,2742
0
3,2,4,239
0
3,2,5,4
0
3,0,0,0
179376001
3,2,6,1195
0
3,2,7,939
0
3,2,8,827
0
3,2,9,2742
0
3,2,4,239
0
3,2,5,4
0
3,0,0,0
179756000
3,2,6,1195
0
3,2,7,939
0
3,2,8,827
0
3,2,9,2743
0
3,2,4,239
0
3,2,5,4
0
3,0,0,0
179576000
3,2,6,1195
0
3,2,7,939
0
3,2,8,827
0
3,2,9,2742
0
3,2,4,239
0
3,2,5,4
0
3,0,0,0
179649000
3,2,6,1196
0
3,2,7,938
0
3,2,8,827
0
3,2,9,2741
0
3,2,4,239
0
3,2,5,4
0
3,0,0,0
179340999
3,2,6,1195
0
3,2,7,939
0
3,2,8,827
0
3,2,9,2741
0
3,2,4,239
0
3,2,5,4
0
3,0,0,0
179627001
3,2,6,1195
0
3,2,7,939
0
3,2,8,827
0
3,2,9,2741
0
3,2,4,239
0
3,2,5,4
0
3,0,0,0
179471000
3,2,6,1195
0
3,2,7,939
0
3,2,8,827
0
3,2,9,2741
0
3,2,4,239
0
3,2,5,4
0
3,0,0,0
179744000
3,2,6,1195
0
3,2,7,938
0
3,2,8,827
0
3,2,9,2740
0
3,2,4,239
0
3,2,5,4
0
3,0,0,0
179494999
3,2,6,1195
0
3,2,7,938
0
3,2,8,827
0
3,2,9,2741
0
3,2,4,239
0
3,2,5,4
0
3,0,0,0
179853001
3,2,6,1195
0
3,2,7,938
0
3,2,8,827
0
3,2,9,2742
0
3,2,4,239
0
3,2,5,4
0
3,0,0,0
179484000
3,2,6,1195
0
3,2,7,938
0
3,2,8,827
0
3,2,9,2742
0
3,2,4,239
0
3,2,5,4
0
3,0,0,0
179373000
3,2,6,1195
0
3,2,7,938
0
3,2,8,827
0
3,2,9,2741
0
3,2,4,239
0
3,2,5,4
0
3,0,0,0
179644999
3,2,6,1195
0
3,2,7,939
0
3,2,8,827
0
3,2,9,2741
0
3,2,4,239
0
3,2,5,4
0
3,0,0,0
179460001
3,2,6,1195
0
3,2,7,939
0
3,2,8,827
0
3,2,9,2741
0
3,2,4,239
0
3,2,5,4
0
3,0,0,0
180845999
3,2,6,1195
0
3,2,7,939
0
3,2,8,827
0
3,2,9,2741
0
3,2,4,239
0
3,2,5,4
0
3,0,0,0
178415001
3,2,6,1195
0
3,2,7,939
0
3,2,8,827
0
3,2,9,2741
0
3,2,4,239
0
3,2,5,4
0
3,0,0,0
179729000
3,2,6,1195
0
3,2,7,939
0
3,2,8,828
0
3,2,9,2742
0
3,2,4,239
0
3,2,5,4
0
3,0,0,0
179221000
3,2,6,1195
0
3,2,7,939
0
3,2,8,828
0
3,2,9,2741
0
3,2,4,239
0
3,2,5,4
0
3,0,0,0
179768999
3,2,6,1195
0
3,2,7,939
0
3,2,8,828
0
3,2,9,2741
0
3,2,4,239
0
3,2,5,4
0
3,0,0,0
180395001
3,2,6,1195
0
3,2,7,938
0
3,2,8,827
0
3,2,9,2740
0
3,2,4,239
0
3,2,5,4
0
3,0,0,0
179482999
3,2,6,1195
0
3,2,7,939
0
3,2,8,827
0
3,2,9,2741
0
3,2,4,239
0
3,2,5,4
0
3,0,0,0
179644001
3,2,6,1194
0
3,2,7,938
0
3,2,8,827
0
3,2,9,2740
0
3,2,4,239
0
3,2,5,4
0
3,0,0,0
179832000
3,2,6,1195
0
3,2,7,938
0
3,2,8,827
0
3,2,9,2740
0
3,2,4,239
0
3,2,5,4
0
3,0,0,0
179292999
3,2,6,1195
0
3,2,7,938
0
3,2,8,827
0
3,2,9,2739
0
3,2,4,239
0
3,2,5,4
0
3,0,0,0
179582001
3,2,6,1194
0
3,2,7,938
0
3,2,8,827
0
3,2,9,2740
0
3,2,4,239
0
3,2,5,4
0
3,0,0,0
180007000
3,2,6,1195
0
3,2,7,938
0
3,2,8,827
0
3,2,9,2740
0
3,2,4,239
0
3,2,5,4
0
3,0,0,0
178553999
3,2,6,1194
0
3,2,7,938
0
3,2,8,826
0
3,2,9,2739
0
3,2,4,239
0
3,2,5,4
0
3,0,0,0
180981001
3,2,6,1194
0
3,2,7,938
0
3,2,8,827
0
3,2,9,2738
0
3,2,4,239
0
3,2,5,4
0
3,0,0,0
178788000
3,2,6,1194
0
3,2,7,938
0
3,2,8,827
0
3,2,9,2739
0
3,2,4,239
0
3,2,5,4
0
3,0,0,0
179500000
3,2,6,1194
0
3,2,7,938
0
3,2,8,827
0
3,2,9,2740
0
3,2,4,239
0
3,2,5,4
0
3,0,0,0
179750000
3,2,6,1194
0
3,2,7,938
0
3,2,8,827
0
3,2,9,2739
0
3,2,4,239
0
3,2,5,4
0
3,0,0,0
179322000
3,2,6,1194
0
3,2,7,938
0
3,2,8,827
0
3,2,9,2739
0
3,2,4,239
0
3,2,5,4
0
3,0,0,0
179634000
3,2,6,1194
0
3,2,7,938
0
3,2,8,827
0
3,2,9,2739
0
3,2,4,239
0
3,2,5,4
0
3,0,0,0
179737000
3,2,6,1194
0
3,2,7,938
0
3,2,8,826
0
3,2,9,2739
0
3,2,4,239
0
3,2,5,4
0
3,0,0,0
179370999
3,2,6,1194
0
3,2,7,938
0
3,2,8,827
0
3,2,9,2739
0
3,2,4,239
0
3,2,5,4
0
3,0,0,0
179534001
3,2,6,1195
0
3,2,7,939
0
3,2,8,826
0
3,2,9,2738
0
3,2,4,239
0
3,2,5,4
0
3,0,0,0
179613000
3,2,6,1195
0
3,2,7,938
0
3,2,8,826
0
3,2,9,2739
0
3,2,4,239
0
3,2,5,4
0
3,0,0,0
179764999
3,2,6,1195
0
3,2,7,938
0
3,2,8,826
0
3,2,9,2739
0
3,2,4,239
0
3,2,5,4
0
3,0,0,0
178337001
3,2,6,1195
0
3,2,7,938
0
3,2,8,827
0
3,2,9,2738
0
3,2,4,239
0
3,2,5,4
0
3,0,0,0
179648000
3,2,6,1194
0
3,2,7,938
0
3,2,8,826
0
3,2,9,2738
0
3,2,4,239
0
3,2,5,4
0
3,0,0,0
180576000
3,2,6,1194
0
3,2,7,938
0
3,2,8,827
0
3,2,9,2739
0
3,2,4,239
0
3,2,5,4
0
3,0,0,0
179676000
3,2,6,1194
0
3,2,7,939
0
3,2,8,827
0
3,2,9,2740
0
3,2,4,239
0
3,2,5,4
0
3,0,0,0
179462999
3,2,6,1195
0
3,2,7,939
0
3,2,8,826
0
3,2,9,2738
0
3,2,4,239
0
3,2,5,4
0
3,0,0,0
179475001
3,2,6,1194
0
3,2,7,938
0
3,2,8,826
0
3,2,9,2740
0
3,2,4,239
0
3,2,5,4
0
3,0,0,0
179613000
3,2,6,1194
0
3,2,7,938
0
3,2,8,827
0
3,2,9,2739
0
3,2,4,239
0
3,2,5,4
0
3,0,0,0
179772000
3,2,6,1194
0
3,2,7,938
0
3,2,8,826
0
3,2,9,2740
0
3,2,4,239
0
3,2,5,4
0
3,0,0,0
178426000
3,2,6,1194
0
3,2,7,938
0
3,2,8,826
0
3,2,9,2740
0
3,2,4,239
0
3,2,5,4
0
3,0,0,0
180524000
3,2,6,1194
0
3,2,7,938
0
3,2,8,826
0
3,2,9,2739
0
3,2,4,239
0
3,2,5,4
0
3,0,0,0
179553000
3,2,6,1194
0
3,2,7,938
0
3,2,8,826
0
3,2,9,2740
0
3,2,4,239
0
3,2,5,4
0
3,0,0,0
179961999
3,2,6,1194
0
3,2,7,938
0
3,2,8,826
0
3,2,9,2739
0
3,2,4,239
0
3,2,5,4
0
3,0,0,0
179430001
3,2,6,1195
0
3,2,7,937
0
3,2,8,826
0
3,2,9,2739
0
3,2,4,239
0
3,2,5,4
0
3,0,0,0
179545000
3,2,6,1194
0
3,2,7,938
0
3,2,8,827
0
3,2,9,2738
0
3,2,4,239
0
3,2,5,4
0
3,0,0,0
179378000
3,2,6,1195
0
3,2,7,938
0
3,2,8,827
0
3,2,9,2739
0
3,2,4,239
0
3,2,5,4
0
3,0,0,0
179562000
3,2,6,1194
0
3,2,7,938
0
3,2,8,827
0
3,2,9,2739
0
3,2,4,239
0
3,2,5,4
0
3,0,0,0
178639000
3,2,6,1194
0
3,2,7,938
0
3,2,8,826
0
3,2,9,2740
0
3,2,4,239
0
3,2,5,4
0
3,0,0,0
179446000
3,2,6,1194
0
3,2,7,938
0
3,2,8,827
0
3,2,9,2741
0
3,2,4,239
0
3,2,5,4
0
3,0,0,0
179664000
3,2,6,1195
0
3,2,7,938
0
3,2,8,827
0
3,2,9,2741
0
3,2,4,239
0
3,2,5,4
0
3,0,0,0
179767999
3,2,6,1195
0
3,2,7,938
0
3,2,8,827
0
3,2,9,2742
0
3,2,4,239
0
3,2,5,4
0
3,0,0,0
180294000
3,2,6,1194
0
3,2,7,938
0
3,2,8,827
0
3,2,9,2740
0
3,2,4,239
0
3,2,5,4
0
3,0,0,0
179571001
3,2,6,1194
0
3,2,7,938
0
3,2,8,827
0
3,2,9,2740
0
3,2,4,239
0
3,2,5,4
0
3,0,0,0
167121000
1,1,158,1
0
1,0,0,0
13070000
3,2,6,1194
0
3,2,7,938
0
3,2,8,827
0
3,2,9,2740
0
3,2,4,239
0
3,2,5,4
0
3,0,0,0
157685000
1,1,158,0
0
1,0,0,0
20482000
3,2,6,1195
0
3,2,7,938
0
3,2,8,827
0
3,2,9,2739
0
3,2,4,239
0
3,2,5,4
0
3,0,0,0
179352000
3,2,6,1197
0
3,2,7,940
0
3,2,8,829
0
3,2,9,2744
0
3,2,4,239
0
3,2,5,4
0
3,0,0,0
179931000
3,2,6,1195
0
3,2,7,939
0
3,2,8,827
0
3,2,9,2740
0
3,2,4,239
0
3,2,5,4
0
3,0,0,0
179570000
3,2,6,1195
0
3,2,7,938
0
3,2,8,827
0
3,2,9,2740
0
3,2,4,239
0
3,2,5,4
0
3,0,0,0
78099000
1,1,158,1
0
1,0,0,0
101426000
3,2,6,1194
0
3,2,7,938
0
3,2,8,827
212000
1,1,158,0
